0, "tlu 3 7 0.397023 0.397091 16 1 0.1 0 0.660169 0.377941 0.377899 0.0270837 0.0270164 -0.240977 -0.240986 -0.58675 -0.586817 -0.154268 -0.15433 0.057117 0.0570503 0.462316 0.462248 -0.126869 -0.12687 -0.15854 -0.158563 0.14803 0.147963 0.727317 0.72725 0.29662 0.296591 -0.452153 -0.45222 0.724518 0.72445 0.504251 0.504184 -0.559007 -0.559074 ";
1, "tlu 3 6 0.786638 0.786701 16 1 0.1 0 0.604587 0.629452 0.629413 -0.696285 -0.696348 0.411713 0.411705 -0.305806 -0.305869 -0.507141 -0.507199 0.235766 0.235704 -0.0211619 -0.0212248 0.297714 0.297713 0.40925 0.409228 0.058002 0.057939 0.798762 0.798699 -0.0931274 -0.0931546 0.294026 0.293963 0.863198 0.863135 0.622056 0.621994 -0.228353 -0.228416 ";
2, "tlu 3 5 -0.437532 -0.437591 16 1 0.1 0 0.739886 -0.396502 -0.396466 0.660354 0.660412 -1.00947 -1.00946 -0.0812251 -0.0811664 -0.558748 -0.558694 -0.209174 -0.209116 -0.294472 -0.294413 -0.807108 -0.807106 -0.234868 -0.234847 0.720105 0.720164 0.17246 0.172519 0.416707 0.416732 -0.243556 -0.243497 0.538283 0.538341 0.0715673 0.0716255 -0.33875 -0.338691 ";
3, "tlu 3 4 0.203664 0.203644 16 1 0.1 0 0.349029 0.310827 0.31084 -0.440397 -0.440376 -0.894766 -0.894763 0.440164 0.440185 -0.344233 -0.344214 0.184449 0.184469 -0.503237 -0.503216 1.01213 1.01213 -0.17358 -0.173573 0.0552687 0.0552895 0.805984 0.806005 0.0357899 0.0357989 -0.241961 -0.24194 0.661885 0.661905 0.363717 0.363737 -0.357444 -0.357423 ";
4, "tlu 3 3 -0.615532 -0.615601 16 1 0.1 0 0.7714 -1.35544 -1.3554 0.115697 0.115765 0.0481461 0.0481548 0.362857 0.362925 -0.0688415 -0.0687787 -0.00127026 -0.00120256 -0.691829 -0.691761 -0.126155 -0.126153 -0.938478 -0.938454 0.354255 0.354323 1.08668 1.08675 -0.0768342 -0.0768047 -0.231855 -0.231787 0.145791 0.145859 0.33988 0.339948 -0.758093 -0.758025 ";
5, "tlu 3 2 0.274197 0.274283 16 1 0.1 0 0.511853 1.04829 1.04823 -0.387581 -0.387667 -0.258087 -0.258098 -0.150606 -0.150692 -0.240338 -0.240416 -0.224701 -0.224786 -0.0353835 -0.0354691 -0.269333 -0.269335 -0.20949 -0.209519 0.363777 0.363691 0.820729 0.820643 -0.179296 -0.179333 0.473902 0.473817 0.276151 0.276065 -0.0382402 -0.0383251 -0.12807 -0.128155 ";
6, "tlu 3 1 -0.517893 -0.517924 16 1 0.1 0 0.655622 -0.498002 -0.497983 0.451654 0.451685 -1.16999 -1.16999 0.244908 0.244939 -0.399958 -0.399929 -0.188579 -0.188548 -0.352493 -0.352463 0.0297475 0.0297487 -0.0864108 -0.0864003 0.414678 0.414709 0.284122 0.284153 0.98264 0.982654 -0.297885 -0.297854 0.370133 0.370163 -0.00566396 -0.00563348 -0.538076 -0.538046 ";
7, "tlu 3 0 -0.473539 -0.473612 16 1 0.1 0 0.869276 0.147368 0.147413 0.91575 0.915822 -0.627807 -0.627798 -0.505284 -0.505212 0.0485655 0.0486322 -0.0489512 -0.0488792 -0.0304939 -0.0304214 -1.23201 -1.23201 -0.444142 -0.444117 0.399841 0.399914 0.363775 0.363848 0.220225 0.220256 -1.25493 -1.25486 0.329028 0.329101 0.336902 0.336974 -0.0424384 -0.042366 ";
8, "layer 3 8";
9, "tlu 2 15 1.61907 1.61907 16 1 0.1 1 0.99919 0.349797 0.349797 -0.0913045 -0.0913046 0.311348 0.311347 0.899996 0.899996 0.0736489 0.0736488 0.460361 0.460361 0.0529702 0.0529701 0.91431 0.91431 1.01773 1.01773 0.683978 0.683978 0.325558 0.325558 0.492399 0.492399 0.529546 0.529546 0.827267 0.827267 0.995563 0.995563 0.938777 0.938777 ";
10, "tlu 2 14 0.70292 0.70292 16 1 0.1 1 0.994062 0.046311 0.046311 1.15191 1.15191 0.2563 0.2563 -0.00107958 -0.00107965 0.862943 0.862943 0.730191 0.730191 0.0882673 0.0882673 0.343891 0.343891 0.593653 0.593653 0.840045 0.840045 0.123964 0.123964 0.915395 0.915395 0.160072 0.160072 -0.286388 -0.286389 0.0445833 0.0445832 0.0732907 0.0732906 ";
11, "tlu 2 13 0.320292 0.320292 16 1 0.1 1 0.999961 0.254278 0.254278 1.31974 1.31974 0.679158 0.679158 0.695635 0.695635 0.891074 0.891074 0.586923 0.586923 0.267227 0.267227 0.945725 0.945725 0.992798 0.992798 0.561853 0.561853 0.085579 0.085579 0.469091 0.469091 0.784273 0.784273 0.657689 0.657689 0.999981 0.999981 0.472668 0.472668 ";
12, "tlu 2 12 1.82663 1.82663 16 1 0.1 1 0.999415 0.203515 0.203514 1.38608 1.38608 0.573874 0.573874 0.737548 0.737547 0.73387 0.733869 0.33499 0.33499 0.85684 0.85684 0.261609 0.261609 1.00816 1.00816 0.439276 0.439276 0.453272 0.453272 0.285637 0.285637 0.37604 0.37604 0.302857 0.302857 0.773279 0.773279 0.725565 0.725565 ";
13, "tlu 2 11 1.46634 1.46632 16 1 0.1 1 0.513462 0.384096 0.384113 0.659505 0.659521 0.557746 0.557762 -0.0324425 -0.0324259 0.228291 0.228307 0.311046 0.311063 -0.124022 -0.124005 -0.365265 -0.365249 0.456697 0.456697 -0.634219 -0.634203 -0.376411 -0.376394 0.630442 0.630459 0.466972 0.466989 0.265202 0.265219 -0.348354 -0.348338 -0.435877 -0.435861 ";
14, "tlu 2 10 0.034837 0.034837 16 1 0.1 1 0.999954 0.625293 0.625293 1.45317 1.45317 0.54286 0.54286 0.728609 0.728609 0.931552 0.931552 0.16759 0.16759 0.781491 0.781491 0.564168 0.564168 1.02715 1.02715 0.291836 0.291836 1.08171 1.08171 0.278622 0.278622 0.905952 0.905952 0.303555 0.303555 0.420218 0.420218 0.0976782 0.0976782 ";
15, "tlu 2 9 0.0702878 0.0702878 16 1 0.1 1 0.999974 0.780827 0.780827 0.275161 0.275161 1.03288 1.03288 0.861823 0.861823 0.661175 0.661175 1.07536 1.07536 0.488092 0.488092 0.896587 0.896587 0.931508 0.931508 0.642473 0.642473 0.25585 0.25585 0.861685 0.861685 0.733445 0.733445 0.636948 0.636948 0.424513 0.424513 0.238107 0.238107 ";
16, "tlu 2 8 1.64601 1.64604 16 1 0.1 1 0.168866 0.183474 0.183449 -0.192841 -0.192867 -0.251618 -0.251644 0.37869 0.378665 -0.188842 -0.188868 0.553886 0.553861 -0.215565 -0.215591 -0.0875075 -0.087533 -1.01141 -1.01141 -0.212365 -0.21239 0.578599 0.578573 0.441411 0.441385 -0.172268 -0.172294 0.473553 0.473527 -0.300734 -0.30076 0.0201524 0.0201268 ";
17, "tlu 2 7 1.90161 1.90161 16 1 0.1 1 0.0435811 0.591196 0.591194 -1.47447 -1.47447 -0.807572 -0.807574 -0.320622 -0.320624 -0.287851 -0.287853 0.558496 0.558494 0.166879 0.166877 -0.210917 -0.210919 0.63626 0.63626 -1.09013 -1.09013 0.379881 0.379879 0.444631 0.444629 -0.0613867 -0.0613887 -0.0485573 -0.0485592 0.159414 0.159412 -0.0247337 -0.0247357 ";
18, "tlu 2 6 1.64849 1.64849 16 1 0.1 1 0.999344 0.712672 0.712672 0.773574 0.773574 0.738479 0.738479 0.0125777 0.0125775 1.03852 1.03852 0.542063 0.542063 0.168497 0.168497 0.460517 0.460517 0.688331 0.688331 0.600713 0.600713 0.644303 0.644303 0.670422 0.670422 0.734045 0.734045 0.819612 0.819612 0.245455 0.245455 0.285986 0.285986 ";
19, "tlu 2 5 1.50449 1.50449 16 1 0.1 1 0.990198 -0.357724 -0.357724 0.622255 0.622254 0.369676 0.369676 0.152891 0.152891 0.835948 0.835948 0.90526 0.90526 0.55197 0.551969 0.420844 0.420844 0.0531283 0.0531283 0.815675 0.815675 0.564415 0.564415 0.939786 0.939786 0.342817 0.342817 0.0971027 0.0971026 -0.083733 -0.0837332 -0.0171252 -0.0171254 ";
20, "tlu 2 4 1.86284 1.86284 16 1 0.1 1 0.956908 0.474609 0.47461 0.380503 0.380504 0.239076 0.239077 0.149062 0.149062 0.538771 0.538771 -0.00198764 -0.00198698 0.667655 0.667655 0.0691704 0.0691711 0.740393 0.740393 0.557784 0.557785 0.202913 0.202914 0.202761 0.202762 -0.045213 -0.0452123 0.438949 0.43895 -0.086366 -0.0863653 0.500318 0.500319 ";
21, "tlu 2 3 1.07749 1.07749 16 1 0.1 1 0.999691 0.334267 0.334267 0.304546 0.304546 0.0101102 0.0101102 0.311547 0.311547 0.715849 0.715849 0.462194 0.462194 0.94227 0.94227 0.707332 0.707332 0.489039 0.489039 1.10878 1.10878 0.370615 0.370615 0.999661 0.999661 0.871633 0.871633 0.597895 0.597895 0.202999 0.202999 0.757435 0.757435 ";
22, "tlu 2 2 1.86667 1.86668 16 1 0.1 1 0.208284 0.431367 0.431351 -0.968094 -0.96811 -1.14722 -1.14724 -0.413412 -0.413429 0.352185 0.352169 0.0912675 0.0912511 -0.159312 -0.159329 0.180936 0.18092 0.372316 0.372315 1.27603 1.27602 -0.282779 -0.282795 0.134137 0.134121 0.341378 0.341362 -0.530709 -0.530726 0.566271 0.566255 0.0730663 0.0730499 ";
23, "tlu 2 1 0.267258 0.267258 16 1 0.1 1 0.999774 0.580615 0.580615 -0.723866 -0.723866 0.360908 0.360908 0.519517 0.519517 1.03856 1.03856 0.667089 0.667089 0.96613 0.96613 0.430534 0.430534 0.518667 0.518667 0.393399 0.393399 0.950147 0.950147 0.736445 0.736445 0.992423 0.992423 0.180395 0.180395 0.639627 0.639627 0.414703 0.414703 ";
24, "tlu 2 0 1.70357 1.70363 16 1 0.1 1 0.225729 -0.174775 -0.174838 1.5183 1.51823 -0.268374 -0.268438 0.415594 0.415531 0.114153 0.11409 0.537557 0.537494 0.0594207 0.0593577 -0.191734 -0.191797 -1.70657 -1.70657 -0.457864 -0.457927 0.613187 0.613124 -0.0904403 -0.0905034 0.262539 0.262476 -0.252907 -0.25297 0.0433971 0.0433341 0.103837 0.103774 ";
25, "layer 2 16";
26, "tlu 1 15 1.55606 1.55606 3 1 0.1 1 1 7.91127 7.91127 0.553886 0.553886 -2.47919 -2.47919 ";
27, "tlu 1 14 0.657224 0.657224 3 1 0.1 1 1 2.72392 2.72392 0.639826 0.639826 -0.61094 -0.61094 ";
28, "tlu 1 13 1.34251 1.34251 3 1 0.1 1 1 7.71953 7.71953 0.0646466 0.0646466 -1.62546 -1.62546 ";
29, "tlu 1 12 1.14136 1.14136 3 1 0.1 1 1 4.31716 4.31716 0.495163 0.495163 -0.735858 -0.735858 ";
30, "tlu 1 11 0.488028 0.488028 3 1 0.1 1 0.999664 0.945873 0.945873 0.610136 0.610136 0.21414 0.21414 ";
31, "tlu 1 10 0.602271 0.602271 3 1 0.1 1 0.999992 2.11794 2.11794 0.629574 0.629574 0.330641 0.330641 ";
32, "tlu 1 9 0.688902 0.688902 3 1 0.1 1 0.999804 0.576185 0.576185 0.962739 0.962739 1.264 1.264 ";
33, "tlu 1 8 1.03043 1.03043 3 1 0.1 1 0.990765 0.726914 0.726919 0.231219 0.231225 -0.912696 -0.912685 ";
34, "tlu 1 7 1.04429 1.04429 3 1 0.1 1 0.999672 1.03177 1.03177 0.677614 0.677614 0.464944 0.464944 ";
35, "tlu 1 6 0.242069 0.242069 3 1 0.1 1 0.999636 0.989184 0.989184 0.569397 0.569397 0.276261 0.276261 ";
36, "tlu 1 5 0.919753 0.919753 3 1 0.1 1 0.99987 1.54056 1.54056 0.520316 0.520315 -0.0189827 -0.018983 ";
37, "tlu 1 4 0.762834 0.762834 3 1 0.1 1 0.999772 1.22641 1.22641 0.600254 0.600254 0.325636 0.325636 ";
38, "tlu 1 3 0.86763 0.86763 3 1 0.1 1 1 7.01304 7.01304 0.61873 0.61873 -2.32144 -2.32144 ";
39, "tlu 1 2 1.37787 1.37787 3 1 0.1 1 0.868754 0.929181 0.929181 0.237255 0.237255 1.48532 1.48532 ";
40, "tlu 1 1 1.26007 1.26007 3 1 0.1 1 0.930591 0.18386 0.18386 0.635532 0.635532 2.05429 2.05429 ";
41, "tlu 1 0 0.98602 0.98602 3 1 0.1 1 1 8.43364 8.43364 -0.0591323 -0.0591323 -2.41861 -2.41861 ";
42, "layer 1 16";
43, "tlu 0 2 0.892727 0 0 0 0.1 1 -1.31186 ";
44, "tlu 0 1 0.713736 0 0 0 0.1 1 9.3761 ";
45, "tlu 0 0 0.0121769 0 0 0 0.1 1 3.2199 ";
46, "layer 0 3";
47, "mlp 3 8 16 2";
