0, "tlu 3 7 -0.0242383 -0.0238771 16 1 0.1 0 0.465588 0.2054 0.205274 0.280762 0.280654 0.860013 0.859881 -0.722312 -0.722375 0.0393014 0.0392389 -0.0228281 -0.0228718 0.244212 0.244137 -0.93187 -0.931916 -0.197882 -0.197972 0.0781973 0.0780403 -0.436008 -0.436043 -0.242656 -0.242734 -0.224481 -0.224608 -0.44735 -0.447443 0.902176 0.90207 0.638515 0.638487 ";
1, "tlu 3 6 -0.0730568 -0.0739184 16 1 0.1 0 0.150732 0.325591 0.325892 -0.230639 -0.230374 0.0638481 0.0641809 -0.0434421 -0.0432945 -0.114141 -0.113982 -0.105047 -0.104947 -0.356644 -0.356474 -0.211705 -0.211594 0.0499733 0.0502055 0.247693 0.248072 -0.898577 -0.8985 -0.446164 -0.445964 0.483986 0.484288 0.0606492 0.0608752 0.407785 0.408029 0.681589 0.681683 ";
2, "tlu 3 5 0.115212 0.112411 16 1 0.1 0 0.696203 -0.507785 -0.506808 0.546936 0.547787 0.881168 0.882229 -0.189272 -0.188788 -0.0612619 -0.0607567 -0.382042 -0.381711 -0.187983 -0.18742 -0.0383149 -0.0379554 0.14243 0.143165 0.333396 0.334623 0.573833 0.574091 -0.108025 -0.10739 0.198245 0.199227 0.0513573 0.052088 0.224335 0.225141 -0.460363 -0.460091 ";
3, "tlu 3 4 -0.284938 -0.285624 16 1 0.1 0 0.198637 -0.139542 -0.139302 -0.327142 -0.326929 -0.216798 -0.21653 0.132339 0.132455 -0.356362 -0.356234 0.368328 0.368407 -0.104984 -0.10485 0.181618 0.181707 0.568496 0.568685 1.26077 1.26107 -0.849167 -0.849108 0.0110151 0.0111762 -0.0264146 -0.0261736 0.511859 0.512039 -0.406876 -0.406683 -0.0135873 -0.013508 ";
4, "tlu 3 3 -0.553542 -0.555594 16 1 0.1 0 0.396399 0.239329 0.240045 -0.0464658 -0.0458385 -0.554106 -0.553322 -0.227261 -0.226907 0.135332 0.135706 -1.11101 -1.11077 -0.156956 -0.156547 0.320908 0.321172 0.28268 0.283225 -0.178438 -0.177537 -1.00056 -1.00037 -0.318489 -0.318019 0.974877 0.975597 -0.308299 -0.307762 0.00492572 0.00551295 1.34063 1.34084 ";
5, "tlu 3 2 -0.722488 -0.722741 16 1 0.1 0 0.525135 0.364446 0.364534 0.126758 0.126835 0.108219 0.108315 0.145207 0.145251 -0.827181 -0.827135 0.0460434 0.0460732 0.0306144 0.0306651 -0.0526868 -0.0526543 -0.376047 -0.37598 0.558608 0.558719 -0.31471 -0.314687 0.132926 0.132984 -0.00185373 -0.00176494 0.0437804 0.0438464 0.112847 0.112919 -0.0376128 -0.0375879 ";
6, "tlu 3 1 -0.561853 -0.560122 16 1 0.1 0 0.6643 0.108443 0.10784 0.284029 0.283503 0.351396 0.35074 -0.621492 -0.621791 -0.418882 -0.419194 -0.0438809 -0.0440848 0.0145821 0.0142347 -0.546172 -0.546394 -0.160896 -0.16135 -0.339123 -0.339881 -0.00796639 -0.00812573 -0.00340196 -0.00379452 0.15195 0.151343 0.595231 0.59478 0.139177 0.138679 -0.145408 -0.145577 ";
7, "tlu 3 0 0.243425 0.244554 16 1 0.1 0 0.794667 0.225722 0.225328 -0.594726 -0.59507 -0.176852 -0.177281 0.0802939 0.0800997 0.556063 0.555859 -1.14855 -1.14868 0.0213663 0.0211406 -0.361529 -0.361674 0.881989 0.881691 0.55464 0.554145 0.811202 0.811099 0.520916 0.520659 0.772774 0.772378 -0.612529 -0.612823 -0.170684 -0.171008 -0.578568 -0.57868 ";
8, "layer 3 8";
9, "tlu 2 15 2.36917 2.36891 16 1 0.1 1 0.282521 -0.803085 -0.803085 0.0497335 0.0497337 0.19697 0.19697 -0.0147484 -0.0147484 -0.258864 -0.258864 -0.318386 -0.318386 0.938381 0.938381 1.72027 1.72031 0.172613 0.172613 0.586372 0.586372 0.72854 0.72854 -0.081597 -0.081597 -0.0346488 -0.0346488 -0.411237 -0.411237 0.205169 0.205169 0.620229 0.620229 ";
10, "tlu 2 14 0.854257 0.854182 16 1 0.1 1 0.527547 0.822698 0.822698 -0.0293485 -0.0293483 0.157766 0.157766 0.124163 0.124163 0.903258 0.903258 -0.077181 -0.077181 0.333202 0.333202 -0.479171 -0.479159 0.456811 0.456811 0.870136 0.870136 0.088864 0.088864 0.112871 0.112871 -0.202103 -0.202103 0.530966 0.530966 0.703969 0.703969 -0.193668 -0.193668 ";
11, "tlu 2 13 1.06707 1.06712 16 1 0.1 1 0.840191 0.0788959 0.0788959 -0.400001 -0.4 0.626241 0.626241 -0.394844 -0.394844 0.110294 0.110294 0.308286 0.308286 0.531609 0.531609 0.22761 0.227606 0.195936 0.195936 0.647937 0.647937 0.266883 0.266883 0.0681537 0.0681537 0.891057 0.891057 1.02701 1.02701 1.10593 1.10593 0.757558 0.757558 ";
12, "tlu 2 12 0.6137 0.613266 16 1 0.1 1 0.349503 -0.699646 -0.699646 0.219784 0.219783 0.0477095 0.0477096 0.708647 0.708647 -0.0205168 -0.0205168 -0.321658 -0.321658 0.349333 0.349333 -0.007811 -0.00775639 0.367995 0.367995 0.537789 0.537789 0.587852 0.587852 0.301443 0.301443 -0.185895 -0.185895 -0.587888 -0.587888 0.175059 0.175059 -0.231075 -0.231075 ";
13, "tlu 2 11 1.27122 1.27153 16 1 0.1 1 0.956995 -0.0933303 -0.0933303 0.790156 0.790156 0.871792 0.871792 0.610162 0.610162 0.622198 0.622198 0.666809 0.666809 0.617966 0.617966 0.48225 0.482211 0.143444 0.143444 0.81829 0.81829 0.836298 0.836298 0.971347 0.971347 0.0627846 0.0627846 0.84821 0.84821 0.141164 0.141164 0.0352795 0.0352795 ";
14, "tlu 2 10 2.01198 2.01219 16 1 0.1 1 0.102155 0.187373 0.187373 0.0312501 0.03125 -0.446034 -0.446034 1.41597 1.41597 0.457105 0.457105 0.705972 0.705972 -0.0297896 -0.0297896 -2.22516 -2.22519 -0.377942 -0.377942 -0.212701 -0.212701 0.323062 0.323062 0.692406 0.692406 -0.323059 -0.323059 -0.0855302 -0.0855302 0.247497 0.247497 -0.546031 -0.546031 ";
15, "tlu 2 9 0.266517 0.266091 16 1 0.1 1 0.120526 -0.851785 -0.851785 0.194875 0.194875 -0.442884 -0.442884 -0.544537 -0.544537 -0.0156467 -0.0156467 -0.0118727 -0.0118727 -0.186381 -0.186382 0.168248 0.168307 0.606955 0.606954 0.729263 0.729263 0.156426 0.156426 -0.330586 -0.330586 -0.267177 -0.267177 -0.325691 -0.325691 0.413659 0.413659 -0.15084 -0.15084 ";
16, "tlu 2 8 1.10524 1.10511 16 1 0.1 1 0.925426 -0.507809 -0.507809 0.527436 0.527436 0.440683 0.440683 0.40707 0.40707 -0.00228776 -0.00228776 0.741473 0.741473 0.825624 0.825624 0.726661 0.726679 0.0524604 0.0524604 0.55528 0.55528 0.899003 0.899003 0.586103 0.586103 0.817392 0.817392 0.0235131 0.0235131 -0.00974339 -0.00974339 0.210299 0.210299 ";
17, "tlu 2 7 1.93321 1.93297 16 1 0.1 1 0.0813948 -0.757223 -0.757223 0.127631 0.127629 -0.470083 -0.470083 0.0882607 0.0882607 -0.230443 -0.230443 0.117405 0.117405 -0.0916088 -0.0916088 0.172595 0.172619 0.0243243 0.0243243 0.404498 0.404498 0.381844 0.381844 0.532881 0.532881 0.386937 0.386937 -0.207808 -0.207808 -0.381233 -0.381233 -0.314832 -0.314832 ";
18, "tlu 2 6 1.32239 1.32261 16 1 0.1 1 0.289494 -0.544567 -0.544567 -0.267694 -0.267694 -0.165703 -0.165703 0.497795 0.497795 0.567167 0.567167 0.347355 0.347355 0.260065 0.260065 -0.5329 -0.532927 0.23621 0.23621 -0.0281844 -0.0281844 0.0929537 0.0929537 0.0581237 0.0581237 -0.155829 -0.155829 0.0842405 0.0842405 0.631467 0.631467 0.541492 0.541492 ";
19, "tlu 2 5 1.96 1.96018 16 1 0.1 1 0.0121524 -1.22927 -1.22927 -0.066576 -0.0665757 0.0386498 0.0386497 -1.30353 -1.30353 0.602378 0.602377 -0.0240654 -0.0240655 0.603171 0.60317 -0.470978 -0.471001 0.487913 0.487913 -0.0202601 -0.0202602 0.759949 0.759949 -0.110982 -0.110982 0.209357 0.209357 0.279891 0.279891 -0.277016 -0.277016 0.660194 0.660194 ";
20, "tlu 2 4 1.55656 1.55661 16 1 0.1 1 0.974752 0.140622 0.140622 0.80976 0.809759 0.509231 0.509231 0.459087 0.459087 0.490771 0.490771 0.705556 0.705556 0.379425 0.379425 0.471452 0.471443 0.189085 0.189085 1.00422 1.00422 0.46946 0.46946 0.250297 0.250297 0.756417 0.756417 0.355805 0.355805 0.62861 0.62861 0.834421 0.834421 ";
21, "tlu 2 3 1.52497 1.52492 16 1 0.1 1 0.885805 -0.535512 -0.535512 0.799942 0.799941 0.372312 0.372312 0.21661 0.21661 0.940832 0.940832 0.771467 0.771467 0.425853 0.425853 -0.355059 -0.355056 0.355835 0.355835 1.07187 1.07187 0.770823 0.770823 1.03836 1.03836 0.893201 0.893201 0.376223 0.376223 0.953131 0.953131 -0.171791 -0.171791 ";
22, "tlu 2 2 0.559441 0.559311 16 1 0.1 1 0.974274 1.33749 1.33749 0.697139 0.697138 -0.154407 -0.154407 0.145084 0.145084 0.848741 0.848741 0.0731562 0.0731562 0.718296 0.718296 0.652945 0.652958 0.934802 0.934802 0.730747 0.730747 0.477996 0.477996 0.05147 0.05147 0.59718 0.59718 0.506879 0.506879 0.996719 0.996719 -0.048813 -0.048813 ";
23, "tlu 2 1 0.865083 0.864844 16 1 0.1 1 0.925744 0.703619 0.703619 0.0388018 0.0388003 -0.0609454 -0.0609454 0.619023 0.619023 0.402085 0.402085 -0.324142 -0.324143 0.734754 0.734754 0.358079 0.358101 0.609719 0.609719 -0.0584093 -0.0584093 0.433964 0.433964 0.786187 0.786187 0.289664 0.289664 -0.0145103 -0.0145103 0.294502 0.294502 0.773909 0.773909 ";
24, "tlu 2 0 0.615667 0.615931 16 1 0.1 1 0.968534 0.199005 0.199005 0.820272 0.820274 0.983814 0.983814 0.255316 0.255316 0.845017 0.845017 0.728685 0.728685 0.194354 0.194354 -0.0491861 -0.0492102 0.399545 0.399545 0.128926 0.128926 0.471978 0.471978 0.0587797 0.0587797 0.401717 0.401717 0.749175 0.749175 0.196283 0.196283 0.621722 0.621722 ";
25, "layer 2 16";
26, "tlu 1 15 0.560236 0.560236 3 1 0.1 1 0.993074 4.45636 4.45636 0.056422 0.056422 -1.18311 -1.18311 ";
27, "tlu 1 14 1.32866 1.32866 3 1 0.1 1 0.816957 5.76296 5.76296 -0.453216 -0.453216 -2.02287 -2.02287 ";
28, "tlu 1 13 1.30866 1.30866 3 1 0.1 1 0.0213102 3.64918 3.64918 0.446319 0.446319 -1.70773 -1.70773 ";
29, "tlu 1 12 0.606256 0.606256 3 1 0.1 1 0.790904 4.17964 4.17964 0.131313 0.131313 -1.45562 -1.45562 ";
30, "tlu 1 11 1.4021 1.4021 3 1 0.1 1 0.934245 3.01601 3.01601 -0.116862 -0.116862 -0.774569 -0.774569 ";
31, "tlu 1 10 1.26658 1.26658 3 1 0.1 1 0.00176964 1.79543 1.79543 0.99954 0.99954 -1.21319 -1.21319 ";
32, "tlu 1 9 1.02848 1.02848 3 1 0.1 1 0.00059391 0.641462 0.641462 0.0369174 0.0369175 -0.944593 -0.944593 ";
33, "tlu 1 8 1.04969 1.04969 3 1 0.1 1 0.0546204 1.15265 1.15265 0.906253 0.906253 -0.608704 -0.608704 ";
34, "tlu 1 7 1.09073 1.09057 3 1 0.1 1 1 0.984365 0.983029 1.08802 1.08817 1.45607 1.45679 ";
35, "tlu 1 6 0.420711 0.420711 3 1 0.1 1 0.0047915 1.39511 1.39511 0.953487 0.953487 -1.03896 -1.03896 ";
36, "tlu 1 5 0.765896 0.765896 3 1 0.1 1 0.994388 1.17098 1.17098 0.295511 0.295512 0.18772 0.187721 ";
37, "tlu 1 4 0.570342 0.570342 3 1 0.1 1 0.169249 3.84533 3.84533 0.335414 0.335414 -1.63035 -1.63035 ";
38, "tlu 1 3 1.37746 1.37746 3 1 0.1 1 0.999959 1.82393 1.82393 -0.385164 -0.385163 0.4892 0.4892 ";
39, "tlu 1 2 0.676073 0.676073 3 1 0.1 1 0.831689 2.83219 2.83219 0.0609641 0.0609641 -0.884123 -0.884123 ";
40, "tlu 1 1 0.906396 0.906396 3 1 0.1 1 0.997415 1.32018 1.32018 1.14473 1.14473 0.270603 0.270603 ";
41, "tlu 1 0 0.311789 0.311789 3 1 0.1 1 0.999553 1.54745 1.54745 -0.830438 -0.830438 0.204039 0.204039 ";
42, "layer 1 16";
43, "tlu 0 2 0.070864 0 0 0 0.1 1 9.27484 ";
44, "tlu 0 1 0.707572 0 0 0 0.1 1 -0.474821 ";
45, "tlu 0 0 0.960601 0 0 0 0.1 1 3.70835 ";
46, "layer 0 3";
47, "mlp 3 8 16 2";
