0, "tlu 3 7 0.212862 0.2126 16 1 0.1 0 0.595681 -0.323739 -0.323606 -0.086063 -0.0857778 0.418445 0.418499 0.327832 0.32809 0.190287 0.1906 0.0917382 0.0920469 0.18171 0.182029 -0.27119 -0.270905 0.00843464 0.00873542 0.226533 0.226798 -0.000435004 -0.000174399 -0.710258 -0.710251 0.423789 0.424061 0.142245 0.142446 0.00408309 0.00435545 0.454264 0.454404 ";
1, "tlu 3 6 -0.642005 -0.642656 16 1 0.1 0 0.850036 -0.256553 -0.25623 0.466796 0.467466 0.190347 0.190478 0.313197 0.313739 -0.403792 -0.403109 0.789642 0.790277 0.554808 0.555486 0.32682 0.327493 -0.507811 -0.507159 -0.272526 -0.271871 -0.701804 -0.701156 0.302587 0.302621 0.0031832 0.0038458 0.439377 0.439811 -0.66925 -0.668601 -0.052461 -0.0521371 ";
2, "tlu 3 5 0.0835882 0.0847916 16 1 0.1 0 0.981267 0.32387 0.323297 -0.32497 -0.326122 0.0365615 0.0363008 -0.0953189 -0.096216 -0.376466 -0.377607 0.077989 0.0769517 -0.256105 -0.257244 -0.0304878 -0.0316548 0.47591 0.474805 0.664889 0.663698 0.336912 0.335726 0.176168 0.176077 0.199991 0.198799 0.205093 0.20438 -0.148338 -0.149471 -0.133177 -0.13375 ";
3, "tlu 3 4 0.185014 0.184971 16 1 0.1 0 0.659399 0.084958 0.0849857 -0.355259 -0.355192 0.198282 0.198288 -0.777294 -0.777217 0.838503 0.838592 0.427565 0.427661 0.0374758 0.0375666 0.431974 0.43204 -0.907861 -0.907779 -0.235719 -0.235672 0.579424 0.579468 0.36964 0.369635 0.253534 0.253586 0.356467 0.356526 -0.128245 -0.128184 -0.039485 -0.0394539 ";
4, "tlu 3 3 0.15712 0.161561 16 1 0.1 0 0.667313 0.189826 0.187651 -0.60619 -0.610699 1.44573 1.44479 -0.327238 -0.331026 -0.123064 -0.12776 0.723469 0.71901 0.734627 0.729882 -0.268145 -0.272677 0.226192 0.221656 0.325341 0.320908 0.0617431 0.0573483 0.455042 0.454806 0.130482 0.125988 -0.679411 -0.682389 -0.759659 -0.764031 0.340179 0.337947 ";
5, "tlu 3 2 -0.870827 -0.871441 16 1 0.1 0 0.428799 -0.423528 -0.423238 0.0499599 0.050539 0.648388 0.648523 -0.238597 -0.238149 -0.651236 -0.650667 0.432218 0.432733 0.573261 0.573831 0.554354 0.554941 -0.0393619 -0.0388079 -0.244928 -0.244322 -0.64305 -0.642446 -0.842986 -0.842937 0.36165 0.362255 0.321839 0.322193 0.0576739 0.0582451 -0.9617 -0.961411 ";
6, "tlu 3 1 0.177517 0.192526 16 1 0.1 0 1.1255 0.258687 0.251443 -0.169302 -0.18406 0.231436 0.228238 -0.0113107 -0.0231321 0.0320465 0.0171492 0.335417 0.321645 -0.306391 -0.321307 -0.216029 -0.230928 0.192019 0.177631 -0.100664 -0.115588 0.585475 0.570647 0.112133 0.111144 -0.234779 -0.24979 1.03157 1.02219 -0.172619 -0.187042 0.447549 0.440245 ";
7, "tlu 3 0 0.0755258 0.0795944 16 1 0.1 0 0.62554 1.36028 1.35835 -0.033703 -0.0375895 0.616687 0.615807 0.0035697 0.000562268 -0.360951 -0.364783 -0.601089 -0.604562 -0.0485144 -0.052336 -0.0279087 -0.0318461 0.141744 0.138032 0.149987 0.145961 0.55144 0.547431 -1.05058 -1.05089 0.335033 0.331007 0.087641 0.0852468 -0.422831 -0.426655 0.0348226 0.0328909 ";
8, "layer 3 8";
9, "tlu 2 15 1.54543 1.54758 16 1 0.1 1 0.324866 0.649213 0.64734 0.0251249 0.0229191 0.0908354 0.090882 0.41812 0.41607 -0.0297992 -0.0298009 -0.217146 -0.219352 -0.36477 -0.364781 -0.314487 -0.316521 -0.0112231 -0.0134161 0.165786 0.16364 0.933565 0.933566 -0.0450228 -0.0472219 -0.391948 -0.391951 0.0838735 0.0817125 0.334469 0.333062 0.644329 0.642182 ";
10, "tlu 2 14 1.74424 1.74396 16 1 0.1 1 0.991563 0.437841 0.438124 0.262077 0.26241 0.700467 0.700409 1.00132 1.00158 1.10189 1.10189 0.215539 0.215873 0.378115 0.378117 1.07907 1.07933 0.707474 0.707806 0.345507 0.345762 0.0162452 0.0162472 0.754643 0.754975 0.942943 0.942943 0.064851 0.0651746 0.140898 0.141111 0.0571518 0.0574233 ";
11, "tlu 2 13 1.69884 1.70176 16 1 0.1 1 0.804458 0.23559 0.23318 0.0567011 0.0538624 -0.219232 -0.219321 0.011671 0.00889619 -0.56578 -0.565784 0.105217 0.102378 0.0514445 0.0514261 0.804019 0.801275 0.265577 0.262755 0.882773 0.879854 0.674714 0.674712 -0.245663 -0.248495 0.600695 0.60069 0.0862196 0.0834318 1.08425 1.08244 -0.597108 -0.600017 ";
12, "tlu 2 12 0.444319 0.44433 16 1 0.1 1 0.999635 0.972692 0.972696 0.810435 0.810438 0.622336 0.622321 0.597413 0.597404 -0.00384655 -0.00384655 0.513974 0.513977 0.275679 0.275679 0.790165 0.790157 0.620536 0.62054 0.688904 0.688895 1.0314 1.0314 0.815964 0.815968 0.926122 0.926122 0.463065 0.463069 0.946263 0.946265 0.089036 0.0890253 ";
13, "tlu 2 11 1.5024 1.50236 16 1 0.1 1 0.614114 0.525798 0.525756 -0.285604 -0.285654 0.917097 0.917187 0.142197 0.142235 0.207442 0.207443 -0.206529 -0.206579 0.427551 0.427553 -0.364411 -0.364378 0.178832 0.178783 -0.64853 -0.648477 1.29586 1.29586 -0.0998811 -0.0999298 0.364099 0.3641 -0.10299 -0.103035 0.0408347 0.0408031 -0.228927 -0.228886 ";
14, "tlu 2 10 1.00154 1.00169 16 1 0.1 1 0.986318 0.214981 0.214852 1.14433 1.14418 1.2952 1.2952 1.0364 1.03625 0.926473 0.926473 0.250539 0.250387 -0.040996 -0.0409966 0.542784 0.542638 0.17699 0.176839 0.897936 0.89778 0.193574 0.193575 0.429439 0.429287 0.788555 0.788555 -0.101653 -0.101803 0.248829 0.248732 0.712147 0.711994 ";
15, "tlu 2 9 0.887393 0.887399 16 1 0.1 1 0.992123 0.122669 0.122661 0.606314 0.606305 1.25802 1.25802 0.445464 0.445458 -0.0805189 -0.0805189 0.533326 0.533316 0.708678 0.708678 0.977305 0.977299 0.414205 0.414195 0.900794 0.900789 0.0754316 0.0754313 0.955137 0.955127 0.581773 0.581773 0.551436 0.551427 0.0764413 0.0764351 0.428297 0.42829 ";
16, "tlu 2 8 1.32504 1.32524 16 1 0.1 1 0.998125 0.662023 0.66181 0.601922 0.60167 1.24727 1.24733 0.0947481 0.0945587 0.782232 0.782232 0.0177953 0.0175439 0.775397 0.775397 0.2453 0.245109 0.736165 0.735916 0.0740006 0.0738045 0.405501 0.405503 0.9396 0.93935 0.820535 0.820535 0.928136 0.927892 0.679235 0.679075 -0.307378 -0.307571 ";
17, "tlu 2 7 1.24783 1.24781 16 1 0.1 1 0.976633 0.391392 0.391449 0.233465 0.233532 -0.316332 -0.316374 0.458386 0.458412 0.190947 0.190947 0.901638 0.901705 0.0268578 0.0268573 0.837684 0.837712 0.16885 0.168917 0.83903 0.839054 0.199006 0.199005 0.482333 0.482399 0.502134 0.502134 0.56616 0.566224 0.309046 0.309088 0.712299 0.712323 ";
18, "tlu 2 6 0.289793 0.289642 16 1 0.1 1 0.997807 0.941618 0.941648 0.72347 0.723505 -0.449298 -0.449183 -0.108384 -0.10824 0.130185 0.130185 0.452844 0.45288 0.772458 0.77246 0.523373 0.52351 0.659212 0.659248 -0.101739 -0.101569 0.763596 0.763595 0.145265 0.145303 0.300079 0.300079 1.0585 1.05854 0.115392 0.115415 0.291023 0.291175 ";
19, "tlu 2 5 1.31752 1.31783 16 1 0.1 1 0.925107 0.56158 0.561183 -0.101613 -0.102081 -0.291811 -0.291657 -0.0211187 -0.0214215 -0.676689 -0.676688 0.0843143 0.0838456 -0.0218462 -0.0218456 0.198533 0.198225 0.485184 0.484718 0.156586 0.156286 0.321623 0.321625 0.735069 0.734604 0.815801 0.815801 0.699378 0.698925 0.78407 0.783772 0.417439 0.417127 ";
20, "tlu 2 4 1.793 1.79298 16 1 0.1 1 0.992501 0.831941 0.831964 0.255679 0.255706 0.113414 0.113404 0.313256 0.313272 0.681247 0.681247 0.992483 0.99251 0.535614 0.535614 0.255049 0.255065 1.05076 1.05078 0.722867 0.722881 0.105808 0.105809 0.261386 0.261414 0.523209 0.523209 0.776823 0.776849 0.268269 0.268286 0.440352 0.44037 ";
21, "tlu 2 3 2.07025 2.06991 16 1 0.1 1 0.932539 -0.164284 -0.163952 -0.249483 -0.249091 0.697043 0.696994 0.17519 0.175518 0.107421 0.107421 0.318499 0.318891 0.370764 0.370765 0.381805 0.382132 0.598261 0.598651 -0.0718586 -0.0715204 0.526448 0.526447 0.884997 0.885387 0.346845 0.346845 0.866333 0.866716 0.696114 0.696363 0.167869 0.16821 ";
22, "tlu 2 2 0.689521 0.691487 16 1 0.1 1 0.489176 -0.235639 -0.237434 -0.613369 -0.615484 0.365624 0.365764 -0.553882 -0.555757 0.0235462 0.0235465 -0.048366 -0.0504811 -0.602868 -0.602875 0.141655 0.13979 -0.018754 -0.0208566 -0.946441 -0.948389 -0.305345 -0.305343 0.225166 0.223059 1.33552 1.33552 0.665031 0.662963 0.365412 0.364064 0.521844 0.519879 ";
23, "tlu 2 1 1.35107 1.35101 16 1 0.1 1 0.98645 -0.145076 -0.144953 0.140657 0.140803 -0.164258 -0.164342 0.870169 0.87023 0.314658 0.314658 0.553666 0.553812 0.630666 0.630665 0.446 0.446065 0.440977 0.441121 1.07647 1.07652 0.947714 0.947712 0.517329 0.517473 0.124661 0.124661 0.854966 0.855105 0.479856 0.479949 0.141049 0.141109 ";
24, "tlu 2 0 1.27711 1.27986 16 1 0.1 1 0.906302 -0.356861 -0.359135 -0.404867 -0.407546 -0.0887018 -0.0887865 1.0376 1.03498 1.08629 1.08628 -0.314121 -0.3168 0.106451 0.106435 0.202561 0.199972 0.506593 0.503929 -0.126884 -0.129637 0.913137 0.913136 -0.0674077 -0.0700799 0.523483 0.52348 0.202294 0.199663 0.774826 0.773118 0.0692598 0.0665108 ";
25, "layer 2 16";
26, "tlu 1 15 1.15357 1.15357 3 1 0.1 1 0.00208783 -0.440662 -0.440651 1.21281 1.21281 -0.187223 -0.187218 ";
27, "tlu 1 14 0.293397 0.294969 3 1 0.1 1 0.999998 0.686164 0.679382 0.651234 0.638665 1.71267 1.71924 ";
28, "tlu 1 13 1.07607 1.0761 3 1 0.1 1 0.979233 0.115893 0.115617 1.05143 1.05109 0.933602 0.933761 ";
29, "tlu 1 12 0.458672 0.458677 3 1 0.1 1 0.999983 0.339754 0.33973 0.0170225 0.0169776 1.91183 1.91185 ";
30, "tlu 1 11 0.649437 0.649434 3 1 0.1 1 0.998264 0.284166 0.284167 1.21709 1.2171 1.0692 1.06919 ";
31, "tlu 1 10 1.76291 1.76292 3 1 0.1 1 0.93837 -0.275387 -0.275369 -0.215808 -0.215803 1.57843 1.57843 ";
32, "tlu 1 9 -0.00927201 -0.00928364 3 1 0.1 1 0.0601472 0.0414194 0.0413033 2.0803 2.08027 -0.622012 -0.622027 ";
33, "tlu 1 8 0.0754516 0.0754626 3 1 0.1 1 0.999968 0.784588 0.784541 0.64229 0.642202 0.794869 0.794915 ";
34, "tlu 1 7 0.246586 0.246713 3 1 0.1 1 0.941413 -0.410895 -0.411132 1.44092 1.44004 1.59598 1.59648 ";
35, "tlu 1 6 0.604432 0.604423 3 1 0.1 1 0.986695 0.0345069 0.0345579 -0.0461796 -0.0461014 1.04753 1.04749 ";
36, "tlu 1 5 0.606229 0.606229 3 1 0.1 1 1 1.73351 1.73351 0.842307 0.842307 0.583399 0.583398 ";
37, "tlu 1 4 0.796447 0.796447 3 1 0.1 1 0.999998 0.709532 0.709529 -0.291308 -0.291313 1.70996 1.70996 ";
38, "tlu 1 3 1.14924 1.14936 3 1 0.1 1 0.440926 -0.458046 -0.458237 1.40044 1.3996 1.20911 1.20959 ";
39, "tlu 1 2 0.281227 0.281227 3 1 0.1 1 0.0270804 -0.791515 -0.791521 0.260446 0.260443 0.881292 0.881293 ";
40, "tlu 1 1 0.706419 0.706418 3 1 0.1 1 0.999976 1.02026 1.02026 0.913943 0.913945 0.533586 0.533585 ";
41, "tlu 1 0 0.073774 0.0738983 3 1 0.1 1 0.999791 0.742348 0.741811 0.050399 0.0494048 0.429918 0.430437 ";
42, "layer 1 16";
43, "tlu 0 2 0.674368 0 0 0 0.1 1 4.38325 ";
44, "tlu 0 1 0.467421 0 0 0 0.1 1 -0.194186 ";
45, "tlu 0 0 0.814203 0 0 0 0.1 1 8.98607 ";
46, "layer 0 3";
47, "mlp 3 8 16 2";
